100
5
1 2 3 4 5
3
3 5 6
2
5 6
2
5 5
15
893071 83097 379252 467537 792423 300872 917474 711942 147346 521821 959291 730508 393271 99936 419031
15
316594 6698 301057 337532 662845 929278 851340 306832 190358 648240 820953 842247 248263 586101 698554
13
539043 893670 648683 124467 688853 520330 968064 218456 347850 638623 721752 731214 106841
13
861352 613214 434258 726314 997673 550348 68335 551493 428015 259788 101066 211652 365189
10
164296 656659 380221 717603 643922 201033 433290 499306 528529 289455
9
80935 469877 570148 853429 244972 312513 605073 615475 296524
7
21765 645267 53155 330895 657723 165816 311353
5
577812 472847 31095 735418 305110
14
355402 334999 448825 948488 581215 592985 663232 308194 229793 822627 198422 423270 834499 92857
11
393819 463343 653928 559902 707815 120445 51322 433941 562880 579818 313636
12
7598 9480 1109 1848 5206 241 5964 8659 8238 1596 7669 8724
12
5 5734 3304 5407 872 1352 6607 3900 2148 6410 3540 1021
9
5616 123 120 2706 8743 589 2722 8284 3028
12
4172 983 6200 9611 6296 890 663 3186 1961 7984 5949 13451
3
4709 812 5864
11
2538 527 2579 4424 5629 8623 6632 2629 7613 9024 2492
11
9601 390 6918 1694 6968 7288 6574 3725 8948 8316 11124
6
4281 7933 451 2397 2873 3555
7
1411 5485 2307 4861 3806 1306 320
4
6171 1114 6632 1449
12
9189 6476 8498 5662 7167 1810 7646 4536 107 1198 9067 15008
4
7544 9814 3704 13654
10
5760 6105 6291 2004 9661 5720 6987 6823 9604 2451
3
2684 9952 11420
4
3290 7475 2576 7161
4
1723 9058 1052 8645
10
1898 5592 1603 7196 7746 7492 7351 2640 665 8085
5
4282 2359 9702 5431 10588
4
6372 9127 4180 8487
15
653 3048 3676 6427 4246 9496 834 864 9602 1727 7866 7823 57 3710 1729
6
1878 4395 249 9346 1782 13552
15
4190 5541 6696 1160 2749 7202 7488 2904 6259 6417 2504 1178 4325 2882 3147
6
769 8951 7166 329 3348 13909
7
4835 7077 9600 9134 9990 8874 2756
3
5749 500 6017
3
3858 6346 6104
11
1111 4184 3989 4439 3725 7754 5011 5306 2646 5505 756
12
5513 4704 4923 1264 5062 1326 7977 2033 5351 7087 8081 3787
5
2084 6635 3770 5234 2823
7
1899 690 504 8541 5457 945 13212
10
4369 6249 7619 1329 7869 7637 3862 2664 6475 3799
13
7667 5630 1726 5868 4289 4135 3865 2365 420 9547 5851 5261 9889
4
5809 8038 1679 3928
6
2855 5309 6937 9733 6553 15135
7
7734 4999 878 2941 1387 4729 9481
7
1128 5226 2320 1814 8058 9400 9670
15
3061 9906 2615 1409 7256 1658 4989 6925 3328 224 6381 9046 9785 1577 9960
13
7009 6742 860 5062 4476 7683 2984 7175 1246 7259 5095 4715 4212
9
6725 9033 868 7641 8348 3098 5172 2211 6048
15
3738 1572 3278 2542 9344 3492 191 2735 4089 942 1144 5488 6927 1955 12121
3
603 8048 7467
13
4577 8708 107 4013 2854 8904 7432 3173 3612 9954 1031 943 7767
3
8850 2776 10314
8
8948 7499 4836 3374 5176 9605 5 4557
13
9791 3065 4478 633 1611 4736 8724 3041 3832 6015 8953 5263 11278
6
1671 2007 7973 4420 2619 6129
15
1430 7600 2441 9352 3238 8558 1925 2923 5989 2383 5572 5046 7438 4656 9259
3
2398 556 9762
4
7440 1269 8869 15168
12
1853 8070 1932 1745 3520 1612 1009 3480 4141 7975 277 4636
14
1747 9761 7789 3102 7127 9356 3309 5211 7793 1825 9727 8514 8989 11164
11
1205 6415 1752 2451 7493 8562 6083 1933 9862 5463 3417
10
427 5763 3327 5468 6744 9672 6506 7450 4770 10185
14
5589 8984 6990 4354 1744 3616 5916 2976 3195 9450 6070 1331 3640 7393
9
217 7773 297 7121 2678 1438 5370 4469 7679
14
3522 5866 4325 2206 9940 7695 8684 719 8783 6533 1826 1414 8837 5466
11
9232 659 3164 7880 8286 9518 4904 9682 9032 7315 239
7
554 4695 8668 7863 7647 8706 3079
7
3607 1233 762 4776 3037 1087 5494
11
4656 7464 1627 4768 3184 8493 1971 4782 5850 2490 9378
4
9623 7004 715 4221
12
2529 46 9786 3423 8652 9916 1931 9310 2492 1988 4954 6957
15
9069 9060 2468 8934 7965 8949 8307 6762 4194 1134 8635 9121 1389 5587 10770
3
3508 6450 5254
5
7675 9747 7275 8437 1910
7
5343 6213 8275 5535 1356 2489 1595
13
4468 4313 2975 8250 1240 8701 9421 6101 99 1253 9847 1179 6751
3
3074 1258 2206
4
4567 7311 2618 1890
7
9120 2474 295 3921 9551 5509 5302
6
1885 81 4509 2907 8120 626
10
7716 8579 7724 7567 573 1744 8591 9105 9072 6597
11
693 4237 7761 5392 2290 1841 5792 991 5267 6514 3620
14
9922 4604 621 9439 9472 374 3383 3084 4361 3708 7978 4983 8853 1404
14
6517 7006 2618 7201 9560 5619 5156 6922 3167 3040 4425 7759 9513 1573
15
8772 5058 2377 3582 7998 7983 5482 8720 3715 2358 22 625 9502 9678 4666
8
1937 753 7900 4690 3087 5110 8485 6784
4
5274 5777 5125 5646
10
1753 5779 7152 2142 8680 6446 4373 5687 1411 14723
11
3790 5044 3616 1272 1125 1162 9703 5256 9893 6256 5607
3
6059 8107 577
6
7700 1083 4167 376 7086 4286
14
2954 5861 9058 9515 5651 7591 7606 4626 7355 1026 2263 6347 8079 2076
10
7296 2113 1587 775 3542 2357 559 8109 1610 3806
12
4006 7144 1028 367 1319 8639 8991 1115 9368 8268 2641 7292
7
3406 8007 4841 4676 7129 9150 10947
